1,251
2,252
3,253
4,254
5,261
6,262
7,263
8,264
9,265
10,266
11,267
12,268
13,351
14,352
15,353
16,354
17,355
18,356
19,357
20,358
21,359
22,360
23,361
24,451
25,452
26,453
27,454
28,455
29,456
30,457
31,458
32,459
33,460
34,461
35,462
36,463
37,464
38,465
39,551
40,552
41,553
42,554
43,555
44,556
45,558
46,559
47,560
48,561
49,562
50,563
51,564
52,565
53,602
54,603
55,604
56,605
57,608
58,609
59,610
60,611
61,612
62,622
63,623
64,624
65,625
66,626
67,627
68,628
69,629
70,630
71,631
72,632
73,633
74,634
75,635
76,636
77,637
78,638
79,639
80,640
81,701
82,702
83,703
84,704
85,706
86,707
87,708
88,709
89,710
90,711
91,712
92,713
93,714
94,721
95,722
96,723
97,724
98,725
99,726
100,727
101,728
102,729
103,730
104,731
105,732
106,733
107,734
108,735
109,801
110,802
111,803
112,804
113,805
114,806
115,807
116,808
117,809
118,810
119,811
120,812
121,813
122,814
123,815
124,816
125,817
126,818
127,819
128,820
129,821
130,931
131,932
132,933
133,934
134,935
135,936
136,937
137,938
138,939
139,940
140,951
141,951L
142,951R
143,952
144,952L
145,952R
146,953
147,953L
148,953R
149,954
150,955
151,956
152,957
153,958
154,M01
155,M02
156,M03
157,M04
158,M05
159,M06
160,M07
161,M08
162,M09
163,M09L
164,M09R
165,M10
166,M10L
167,M10R
168,M11
169,N101
170,N102
171,N103
172,N104
173,N104L
174,N104R
175,N105
176,N105L
177,N105R
178,N106
179,N106L
180,N106R
181,N107
182,N108
183,N109
184,N110
185,N121
186,N122
187,N123
188,N124
189,N125
190,N126
191,N127
192,N128
193,N201
194,N202
195,N203
196,N204
197,N205
198,N205L
199,N205R
200,N206
201,N206L
202,N206R
203,N207
204,N207L
205,N207R
206,N208
207,N209
208,N210
209,N211
210,N212
211,N213
212,N214
213,N215
214,N216
215,N217
216,N218
217,N219
218,N220
219,W101
220,W103
221,W104
222,W105
223,W106
224,W107
225,W108
226,W108A
227,W109
228,W110
229,W111
230,W112
231,W113
232,W201
233,W202
234,W203
235,W204
236,W205
237,W206
238,W207
239,W208
240,W209
241,W210
242,W211
243,W212
244,W213
245,W301
246,W302
247,W303
248,W304
249,W305
250,W306
251,W307
252,W308
253,W309
254,W310
255,W311
256,T3C
257,T3D
258,T3E
259,T1
260,T2
261,CA
262,BGS
