453,25
251,0
W307,250
263,6
623,62
252,1
W306,249
262,5
451,23
622,61
253,2
W108A,225
625,64
456,28
254,3
W305,248
261,4
361,22
358,19
W209,239
808,115
264,7
360,21
359,20
W301,244
W208,238
809,116
265,8
W302,245
266,9
W303,246
267,10
952,142
563,49
354,15
W205,235
804,111
268,11
351,12
954,148
565,51
352,13
955,149
564,50
353,14
953,145
562,48
355,16
561,47
356,17
951,139
560,46
357,18
452,24
627,66
454,26
626,65
455,27
457,29
624,63
612,60
458,30
459,31
631,70
460,32
630,69
461,33
633,72
462,34
632,71
463,35
635,74
464,36
634,73
465,37
605,55
551,38
552,39
553,40
554,41
555,42
602,52
556,43
558,44
559,45
603,53
604,54
608,56
609,57
610,58
611,59
628,67
629,68
636,75
637,76
638,77
639,78
640,79
701,80
N104L,172
702,81
M09R,163
703,82
704,83
706,84
707,85
708,86
709,87
710,88
711,89
712,90
713,91
714,92
938,136
721,93
W101,218
N106L,178
722,94
952L,143
723,95
W107,223
724,96
W106,222
725,97
W105,221
M11,167
726,98
W104,220
M10,164
727,99
931,129
728,100
729,101
730,102
731,103
M10L,165
732,104
733,105
734,106
735,107
W309,252
801,108
W203,233
802,109
W202,232
N207R,204
803,110
W204,234
805,112
W207,237
806,113
W206,236
807,114
810,117
811,118
812,119
813,120
814,121
815,122
816,123
817,124
W310,253
818,125
W311,254
819,126
820,127
821,128
W108,224
932,130
W109,226
933,131
934,132
935,133
CA,260
936,134
937,135
W103,219
939,137
940,138
M02,154
951L,140
W213,243
951R,141
952R,144
953L,146
953R,147
956,150
957,151
958,152
M01,153
M03,155
W110,227
M04,156
W111,228
M05,157
W112,229
M06,158
W113,230
M07,159
M08,160
M09,161
M09L,162
M10R,166
N219,216
N101,168
N102,169
N103,170
N104,171
N104R,173
N105,174
N105L,175
N105R,176
N106,177
N106R,179
N107,180
N210,207
N108,181
N211,208
N109,182
N208,205
N110,183
N121,184
N122,185
N123,186
N124,187
N125,188
N126,189
N127,190
N128,191
N201,192
N202,193
N203,194
N204,195
N205,196
N205L,197
N205R,198
N206,199
N213,210
N206L,200
N206R,201
N207,202
N207L,203
T1,258
N209,206
N212,209
N214,211
N215,212
N216,213
N217,214
N218,215
N220,217
W308,251
W201,231
W210,240
W211,241
W212,242
W304,247
T3C,255
T3D,256
T3E,257
T2,259
BGS,261
